x cos(x) sin(x) tan(x)
0.0 1.0 0.0 0.0
0.10101010101010101 0.9949028158568303 0.1008384202581046 0.1013550455893127
0.20202020202020202 0.9796632259996998 0.2006488565226854 0.20481411488925982
0.30303030303030304 0.9544365884201449 0.2984138044476411 0.3126596445150935
0.40404040404040403 0.9194800727522776 0.3931366121483298 0.42756403732769854
0.5050505050505051 0.8751500385908233 0.48385164043793466 0.5528784998022032
0.6060606060606061 0.82189840263017 0.5696341069089657 0.6930711935758368
0.7070707070707071 0.7602680316591506 0.6496095135057065 0.8544480189283358
0.8080808080808081 0.6908872083770674 0.7229625614794605 1.0464263235930216
0.9090909090909091 0.6144632264484674 0.7889454628442574 1.2839587934403802
1.0101010101010102 0.5317751800910392 0.8468855636029834 1.5925631644899216
1.1111111111111112 0.4436660217022285 0.8961922010299563 2.0199703317182265
1.2121212121212122 0.3510339684920502 0.9363627251042848 2.6674419262803917
1.3131313131313131 0.25482334572604864 0.9669876227092996 3.79473717352755
1.4141414141414141 0.15601495992575853 0.9877546923600838 6.3311537100680475
1.5151515151515151 0.05561610016580674 0.9984522269003895 17.952575314049916
1.6161616161616161 -0.04534973060188524 0.9989711717233568 -22.02816110404476
1.7171717171717171 -0.1458532495141353 0.9893062365143401 -6.782887867153497
1.8181818181818181 -0.24486988668507892 0.9695559491823237 -3.959473997834799
1.9191919191919191 -0.3413902300489206 0.9399216514301312 -2.7532177804134643
2.0202020202020203 -0.43443031567828566 0.9007054462029555 -2.0733024692272317
2.121212121212121 -0.5230416586748752 0.8523071179396752 -1.6295205244243707
2.2222222222222223 -0.6063209223738354 0.7952200570230491 -1.3115497547233663
2.323232323232323 -0.6834191272904034 0.7300262299764464 -1.068196953852944
2.4242424242424243 -0.7535503059294446 0.6573902466827755 -0.8723906572792599
2.525252525252525 -0.815999515227557 0.5780525851065732 -0.7083981967138451
2.6262626262626263 -0.8701301249459654 0.4928220425889235 -0.5663774054708512
2.727272727272727 -0.9153903077136357 0.40256749066949654 -0.43977687689854034
2.8282828282828283 -0.9513186645587279 0.30820901749007684 -0.323980837307592
2.929292929292929 -0.9775489285796396 0.2107085480771929 -0.21554782775256937
3.0303030303030303 -0.993813698804694 0.11106003812412972 -0.11175136573153178
3.131313131313131 -0.9999471661761239 0.010279341240534697 -0.010279884366134764
3.2323232323232323 -0.9958868038686729 -0.09060614703340773 0.0909803671275033
3.3333333333333335 -0.981674004711079 -0.19056796287548539 0.19412550598360023
3.4343434343434343 -0.9574536592123347 -0.28858705872043244 0.3014109935700109
3.5353535353535355 -0.9234726784944765 -0.38366419180611233 0.41545808635247794
3.6363636363636362 -0.8800774771896732 -0.47483011082223947 0.5395321697568051
3.7373737373737375 -0.8277104419618857 -0.5611554368152017 0.6779610457554693
3.8383838383838382 -0.7669054216542901 -0.6417601376193878 0.8368178389390549
3.9393939393939394 -0.6982822850375598 -0.7158224992291902 1.0251190880357028
4.040404040404041 -0.6225406016393301 -0.7825875026542022 1.2570866873476558
4.141414141414141 -0.5404525100747903 -0.8413745208608701 1.5567963977897645
4.242424242424242 -0.45285484658127084 -0.8915842573351402 1.9688080277068065
4.343434343434343 -0.3606406140014481 -0.9327048555318336 2.586244641675573
4.444444444444445 -0.2647498781834829 -0.9643171169287782 3.642370389535989
4.545454545454545 -0.16616018460355267 -0.9860987744909296 5.934627340741688
4.646464646464646 -0.06587659290724678 -0.9978277779792126 15.146924483240028
4.747474747474747 0.03507856903860484 -0.9993845576124357 -28.489889553721195
4.848484848484849 0.13567612713271912 -0.9907532430056771 -7.302340241747296
4.94949494949495 0.23489055281917826 -0.9720218249588334 -4.138190375443103
5.05050505050505 0.33171041770321597 -0.9433812584459996 -2.8439904449731532
5.151515151515151 0.42514870442477243 -0.9051235159501367 -2.1289574836521536
5.252525252525253 0.5142528686769626 -0.8576386109880517 -1.667737144946863
5.353535353535354 0.5981145497935533 -0.8014106221689696 -1.339894878741182
5.454545454545454 0.6758788309121296 -0.7370127583189133 -1.0904510166774726
5.555555555555555 0.7467529543114477 -0.6651015149788224 -0.8906580297256232
5.656565656565657 0.810014403075603 -0.586409981847235 -0.7239500675798505
5.757575757575758 0.865018266697566 -0.5017403693939113 -0.5800344209023894
5.858585858585858 0.9112038155344026 -0.4119558308308628 -0.45210064291627117
5.959595959595959 0.9481002170917641 -0.31797166281061867 -0.33537769222960007
6.0606060606060606 0.9753313358637337 -0.22074597455506334 -0.22632921391741728
6.161616161616162 0.9926195677967009 -0.12126992053716677 -0.12217159974626265
6.262626262626262 0.9997886702873213 -0.020557596287260064 -0.020561941636478218
6.363636363636363 0.9967655588645231 0.08036429967028173 0.08062507673502448
6.4646464646464645 0.983581052239521 0.18046693235991093 0.18347947222956848
6.565656565656566 0.9603695581285238 0.27872981867755725 0.2902318345249502
6.666666666666667 0.9273677030509753 0.37415123057121996 0.40345510129400497
6.767676767676767 0.8849119200716687 0.4657584070256517 0.5263330693838207
6.8686868686868685 0.8334350190781794 0.5526174707464059 0.6630600563888331
6.96969696969697 0.7734617745574747 0.6338429484489058 0.8194883952882484
7.070707070707071 0.7056035758515253 0.7086067976992182 1.004256245221077
7.171717171717171 0.6305521944291881 0.7761468482835805 1.2309002413133983
7.2727272727272725 0.5490727317130796 0.8357745720522589 1.5221563989249365
7.373737373737374 0.4619958193539013 0.8868821020290788 1.9196756006783322
7.474747474747475 0.3702091514654802 0.9289484292312513 2.5092530142866285
7.575757575757575 0.2746484351440477 0.9615447140268235 3.5010019755711057
7.6767676767676765 0.17628785152548898 0.9843386578838236 5.58370102855046
7.777777777777778 0.07613012462407193 0.9970978909438748 13.097284364993643
7.878787878787879 -0.02480370080544784 0.9996923408861117 -40.304160606006874
7.979797979797979 -0.12548466817409182 0.9920955589323228 -7.906109753232434
8.080808080808081 -0.22488639862108173 0.9743849894755358 -4.33278755607318
8.181818181818182 -0.3219955542979381 0.9467411805833543 -2.9402305961881314
8.282828282828282 -0.41582216870771727 0.9094459434244625 -2.1871030740155537
8.383838383838384 -0.5054097387880672 0.8628794793817836 -1.7072870052937656
8.484848484848484 -0.5898449758557073 0.8075165041395626 -1.369031757824286
8.585858585858587 -0.6682671160076287 0.7439214082568444 -1.113209658887887
8.686868686868687 -0.7398766950653171 0.6727425035622647 -0.9092630002393498
8.787878787878787 -0.80394369860703 0.5947054140244975 -0.7397351519203724
8.88888888888889 -0.859815004003662 0.510605678474283 -0.5938552782827552
8.98989898989899 -0.9069210385913591 0.4213006405886069 -0.46453949424635266
9.09090909090909 -0.9447815861050266 0.32770070881349983 -0.34685340361520445
9.191919191919192 -0.973010682179788 0.23076007532505177 -0.23716088584771888
9.292929292929292 -0.9913205490138658 0.13146698864295842 -0.1326180404247018
9.393939393939394 -0.9995245290814802 0.03083367906114098 -0.030848346552811268
9.494949494949495 -0.9975389879884077 -0.07011396040064677 0.07028693739784089
9.595959595959595 -0.9853841670717991 -0.1703468323280965 0.17287352285586738
9.696969696969697 -0.9631839770525324 -0.26884312591038406 0.27911918420100673
9.797979797979798 -0.9311647348436916 -0.3645987336558887 0.3915512690856913
9.8989898989899 -0.8896528563926016 -0.45663748763377376 0.5132760316033435
10.0 -0.8390715290764524 -0.5440211108893698 0.6483608274590866
